190
98
74
238
16
192
187
101
52
215
221
205
91
154
113
89
51
50
7
188
220
200
213
129
140
211
106
175
8
43
12
31
93
157
173
144
250
100
244
70
143
127
164
135
223
201
77
99
197
22
196
177
206
104
258
33
6
21
84
115
236
79
30
56
246
161
179
45
26
86
253
261
178
124
245
186
48
195
132
222
247
34
138
212
69
139
133
255
125
82
264
28
36
5
207
68
15
44
61
35
3
193
14
216
136
155
38
92
109
214
90
54
149
254
87
257
237
107
145
53
146
210
121
62
23
96
134
18
25
248
252
185
75
94
102
72
46
232
158
108
119
49
128
85
263
147
229
40
78
199
95
152
191
174
251
228
37
160
32
172
156
249
41
182
13
126
184
234
170
63
203
233
217
59
11
142
114
24
1
151
169
137
235
116
122
9
165
27
117
227
88
225
219
243
256
81
176
226
71
198
218
17
180
112
240
148
166
76
239
65
209
159
2
131
260
47
4
150
231
10
153
123
262
57
105
55
66
20
97
58
171
73
168
120
204
42
241
167
130
64
183
29
39
189
141
208
111
110
230
19
242
118
224
163
67
60
162
83
202
265
181
259
80
194