237
257
34
85
43
249
255
21
39
222
9
142
163
162
113
55
254
12
10
19
2
148
225
228
185
155
20
58
153
11
164
62
173
5
27
226
80
187
150
206
105
233
75
97
194
183
1
204
140
28
76
41
124
161
50
145
63
23
260
54
92
7
196
247
208
6
238
65
169
18
248
261
36
197
72
170
180
32
136
184
77
71
33
38
245
224
112
107
220
8
152
68
215
235
178
213
84
130
123
258
207
66
91
182
168
128
241
159
94
232
135
147
93
221
98
244
100
88
127
117
60
212
200
86
118
15
29
133
46
214
223
246
4
219
3
67
144
64
78
121
218
101
189
154
229
181
95
89
160
251
264
90
217
141
131
44
175
240
132
52
45
108
157
167
57
242
102
191
115
156
176
82
134
16
252
230
14
239
106
179
83
26
42
265
24
139
70
256
227
120
171
186
138
250
158
174
126
253
236
137
37
53
202
259
192
73
96
188
209
40
211
48
49
198
22
31
201
190
87
262
99
104
143
25
129
59
119
13
116
146
216
61
69
234
263
195
203
231
35
165
210
243
199
151
193
74
47
79
149
114
81
109
172
30
166
51
111
122
125
17
56
177
205